2.499999999999999112e+00 5.357142857142856762e+00
7.499999999999998224e+00 8.928571428571428825e+00
-3.928571428571428825e+00 8.214285714285713524e+00
3.928571428571428825e+00 1.107142857142857117e+01
8.928571428571427049e+00 1.321428571428571352e+01
4.642857142857142350e+00 6.785714285714284699e+00
-4.642857142857143238e+00 1.785714285714285587e+00
-3.571428571428567622e-01 1.464285714285714235e+01
9.642857142857142350e+00 3.928571428571427937e+00
6.785714285714284699e+00 3.214285714285713969e+00
-1.071428571428572063e+00 4.642857142857143238e+00
3.214285714285713524e+00 6.071428571428571175e+00
-1.785714285714286031e+00 1.249999999999999822e+01
5.357142857142857650e+00 2.500000000000000000e+00
8.214285714285713524e+00 9.642857142857142350e+00
-2.500000000000000000e+00 1.178571428571428470e+01
1.785714285714284699e+00 1.071428571428571397e+00
1.071428571428571175e+00 3.571428571428570953e-01
3.571428571428567622e-01 1.035714285714285765e+01
-3.214285714285714413e+00 7.499999999999999112e+00
6.071428571428571175e+00 1.392857142857142705e+01
-2.419946314189423742e+00 1.035509309528229949e+01
9.999999998006932955e+00 1.773096433677068262e-06
9.999993421179221187e+00 9.231657194419606860e-02
9.999999757647165310e+00 4.907780145295805863e-01
-2.750085136155800303e+00 1.095487306431134122e+01
-4.999997062558919403e+00 1.499999996822642601e+01
-4.905619802128297735e+00 1.499944776312559114e+01
1.000000000000000000e+01 2.675653732989100586e+00
