8.701213740541113850e+00
7.106659895205564226e+01
3.960630405828511158e+01
9.027277010863312512e+01
1.253446838533269840e+02
3.838858413107131895e+01
2.163571975999264225e+02
8.392707919520586302e+01
2.221679548390406822e+00
2.268195380816471385e+01
2.490659009210134656e+01
1.526451159388195222e+01
1.848874533979366674e+01
1.750984049834290701e+01
7.060893161795273443e+01
3.306204129793424151e+00
1.419448233477186427e+01
3.129294559068230441e+01
4.309523927583306602e+01
2.492952323838249384e+01
1.839841925613307865e+02
2.855465468448313615e+00
1.096087836430396933e+01
1.041489370407697024e+01
8.254179460263621593e+00
1.283666761214359298e+00
1.750823555476183913e+01
1.551851034739648583e+01
2.050267833049046473e+00
